219    0.583358
100    0.099928
55     0.058580
216    0.043842
220    0.035152
129    0.024944
31     0.018683
99     0.013666
59     0.012517
92     0.009119
158    0.008976
103    0.007116
132    0.006603
117    0.005238
50     0.003958
39     0.003717
215    0.003300
181    0.002531
98     0.002425
13     0.002407
32     0.002387
15     0.002320
205    0.002165
81     0.002003
4      0.001901
33     0.001837
56     0.001829
23     0.001741
14     0.001662
73     0.001620
212    0.001609
85     0.001552
137    0.001435
41     0.001425
80     0.001248
138    0.001230
202    0.001215
35     0.001108
206    0.001060
2      0.000764
178    0.000739
214    0.000735
18     0.000732
90     0.000702
68     0.000699
154    0.000675
164    0.000666
229    0.000591
9      0.000556
53     0.000535
125    0.000528
77     0.000467
106    0.000456
123    0.000454
26     0.000443
127    0.000404
186    0.000357
109    0.000346
60     0.000343
47     0.000328
5      0.000312
187    0.000288
194    0.000283
69     0.000283
155    0.000280
79     0.000278
70     0.000275
149    0.000268
88     0.000246
11     0.000234
223    0.000232
153    0.000216
72     0.000214
130    0.000210
162    0.000209
177    0.000206
74     0.000203
213    0.000198
42     0.000197
65     0.000193
145    0.000176
16     0.000176
6      0.000176
78     0.000163
37     0.000161
160    0.000158
221    0.000150
173    0.000146
211    0.000145
36     0.000140
22     0.000138
28     0.000133
45     0.000131
17     0.000111
230    0.000108
57     0.000104
40     0.000101
44     0.000091
204    0.000091
30     0.000089
182    0.000086
102    0.000086
195    0.000083
218    0.000082
134    0.000082
203    0.000081
224    0.000080
10     0.000079
200    0.000079
115    0.000078
86     0.000077
120    0.000074
91     0.000073
63     0.000073
142    0.000066
21     0.000066
76     0.000066
167    0.000065
157    0.000063
128    0.000061
113    0.000061
126    0.000060
97     0.000057
111    0.000056
185    0.000055
179    0.000053
48     0.000053
169    0.000050
51     0.000050
135    0.000050
84     0.000050
163    0.000049
114    0.000048
151    0.000045
148    0.000044
184    0.000042
12     0.000041
152    0.000041
93     0.000040
71     0.000035
199    0.000035
107    0.000035
196    0.000033
82     0.000033
108    0.000031
110    0.000030
161    0.000029
133    0.000027
227    0.000027
176    0.000026
112    0.000026
38     0.000025
25     0.000024
1      0.000023
208    0.000023
29     0.000022
61     0.000022
7      0.000022
105    0.000021
20     0.000021
201    0.000020
95     0.000020
209    0.000019
207    0.000019
189    0.000019
156    0.000018
62     0.000018
131    0.000018
136    0.000017
140    0.000017
34     0.000016
222    0.000016
180    0.000015
19     0.000015
172    0.000015
118    0.000015
191    0.000013
52     0.000013
170    0.000013
231    0.000012
27     0.000011
122    0.000011
188    0.000011
116    0.000011
46     0.000011
168    0.000011
87     0.000010
139    0.000010
193    0.000009
121    0.000009
183    0.000008
166    0.000007
210    0.000007
228    0.000007
174    0.000007
67     0.000006
94     0.000006
3      0.000006
54     0.000006
217    0.000006
64     0.000006
198    0.000006
58     0.000006
101    0.000006
66     0.000005
226    0.000005
190    0.000005
146    0.000003
83     0.000003
150    0.000002
Name: visitor_location_country_id, dtype: float64
