219    6.111160e-01
100    6.277959e-02
55     3.760628e-02
31     3.111662e-02
99     2.730507e-02
129    1.852593e-02
215    1.613058e-02
220    1.434248e-02
59     1.400729e-02
216    1.232185e-02
98     1.110753e-02
158    8.525220e-03
117    6.187949e-03
205    5.944118e-03
132    5.787009e-03
39     5.657934e-03
92     5.386674e-03
103    4.910507e-03
15     4.749163e-03
32     3.966443e-03
81     3.908762e-03
4      3.860561e-03
202    3.801670e-03
14     3.797032e-03
109    3.603620e-03
73     3.462646e-03
41     3.332764e-03
56     3.161739e-03
80     2.915084e-03
225    2.894311e-03
35     2.701505e-03
18     2.617001e-03
70     2.605707e-03
50     2.500228e-03
164    2.398985e-03
60     2.246918e-03
138    2.093843e-03
181    2.049877e-03
154    1.518651e-03
53     1.513408e-03
221    1.406315e-03
9      1.380097e-03
26     1.313139e-03
212    1.301442e-03
23     1.268165e-03
88     1.228837e-03
137    1.226618e-03
223    1.171560e-03
48     1.040468e-03
157    1.038249e-03
127    9.737116e-04
2      9.065521e-04
178    8.900144e-04
206    8.775102e-04
13     8.244683e-04
224    8.202330e-04
213    7.391576e-04
211    6.974098e-04
17     6.861158e-04
145    6.826872e-04
68     6.532419e-04
156    5.768051e-04
45     5.689396e-04
230    5.284019e-04
30     4.941163e-04
27     4.876625e-04
74     4.461164e-04
33     4.307887e-04
125    4.047720e-04
229    3.989233e-04
102    3.779485e-04
113    3.474948e-04
42     3.410411e-04
162    3.372092e-04
47     3.275285e-04
123    3.194613e-04
16     3.148227e-04
194    3.041336e-04
106    2.926378e-04
119    2.924362e-04
97     2.502850e-04
149    2.480665e-04
96     2.460497e-04
159    2.460497e-04
40     2.460497e-04
37     2.329405e-04
152    2.311254e-04
134    2.307221e-04
155    2.301170e-04
186    2.250750e-04
187    2.077305e-04
86     2.077305e-04
200    2.032936e-04
91     1.986549e-04
76     1.970415e-04
151    1.928062e-04
34     1.845373e-04
22     1.772768e-04
153    1.720331e-04
71     1.669911e-04
10     1.460164e-04
93     1.444030e-04
77     1.401677e-04
182    1.254450e-04
177    1.093106e-04
61     1.002350e-04
69     9.720982e-05
122    8.793253e-05
57     8.410061e-05
72     8.389893e-05
163    7.704180e-05
189    7.502500e-05
11     7.381492e-05
196    7.341156e-05
195    6.836956e-05
214    6.836956e-05
161    6.231916e-05
63     5.727715e-05
201    5.001667e-05
90     4.941163e-05
173    4.699147e-05
207    4.295786e-05
179    4.235282e-05
160    3.973098e-05
184    3.690746e-05
171    3.509234e-05
146    3.327722e-05
124    3.226882e-05
203    3.206714e-05
21     2.823522e-05
65     2.722682e-05
38     2.621842e-05
131    2.521001e-05
120    2.460497e-05
169    2.198313e-05
143    2.077305e-05
112    1.734449e-05
83     1.734449e-05
222    1.734449e-05
1      1.532769e-05
20     1.512601e-05
44     1.431929e-05
192    1.149577e-05
172    1.149577e-05
136    1.109241e-05
197    7.663844e-06
25     7.058804e-06
51     6.655444e-06
141    6.453764e-06
108    5.848723e-06
82     5.848723e-06
167    5.042003e-06
19     4.840323e-06
89     4.638643e-06
190    4.638643e-06
135    4.436963e-06
226    4.235282e-06
217    4.235282e-06
185    4.235282e-06
111    4.033602e-06
46     3.831922e-06
62     3.630242e-06
79     3.226882e-06
140    3.025202e-06
128    3.025202e-06
208    2.621842e-06
87     2.621842e-06
180    2.420161e-06
7      2.016801e-06
126    1.411761e-06
204    1.008401e-06
165    4.033602e-07
Name: prop_country_id, dtype: float64
